12
2
2
0
9
8
0
5
13
58
0
310
831
0
1576
2018
0
2498
2361
2397
0
2147
2663
0
4211
3810
2411
0
827
264
0
80
7
0
1
1
0
0
1
0
0
0
8
0
0
0
0
0
2
0
0
1
0
2
0
3
3
0
0
2
0
0
0
3
0
0
1
0
0
0
0
0
0
0
0
3
3
2
0
3
2
0
4
2
0
5
1
2
0
4
4
0
2
4
3
0
3
6
0
5
8
0
4
5
3
0
15
4
0
8
8
7
0
12
12
0
6
21
0
13
12
24
0
20
21
0
8
51
6
0
13
31
0
29
32
0
37
49
90
0
74
74
0
107
63
60
0
47
44
0
35
35
0
28
29
10
0
20
13
0
21
14
13
0
10
9
0
6
1
0
15
1
6
0
5
2
0
6
5
1
0
3
3
0
2
2
0
4
1
1
0
4
1
0
2
2
0
0
3
2
0
1
0
0
2
0
1
0
1
0
0
0
11
0
0
0
0
0
1
2
0
1
0
3
0
2
4
0
1
2
5
0
1
4
0
3
1
0
3
3
2
0
1
1
0
3
3
4
0
3
2
0
2
0
0
0
