515.68 83.32
511.41 10.78
521.86 210.82
523.50 264.53
522.00 197.00
513.90 42.12
371.94 280.22
518.50 145.74
522.91 247.97
601.38 79.76
525.20 341.32
514.46 59.87
579.09 433.49
523.82 293.08
594.49 461.67
512.00 30.00
526.70 349.17
519.00 103.00
401.51 342.34
402.23 355.83
541.00 374.00
519.00 227.00
421.05 231.80
547.00 133.00
517.62 124.76
524.94 320.48
418.83 260.53
515.00 133.00
431.00 220.00
407.27 230.78
522.00 163.00
411.00 209.00
546.00 387.00
357.78 273.21
524.21 282.86
617.93 439.74
602.54 473.30
587.86 449.99
441.27 177.46
237.14 177.24
573.00 60.00
521.68 239.72
572.76 68.81
405.64 199.72
508.00 96.00
453.20 128.08
578.00 279.00
430.00 231.00
603.49 7.32
568.92 283.21
525.21 307.64
605.59 91.49
439.78 223.37
532.91 87.85
533.16 66.54
581.07 375.77
519.16 173.08
408.29 286.19
253.00 166.00
528.00 117.00
573.39 164.71
574.29 424.13
570.00 271.00
439.49 203.37
561.17 405.93
243.81 164.89
461.89 207.79
557.53 235.84
599.93 179.17
567.86 413.48
550.75 348.68
599.32 338.09
549.61 286.45
394.56 323.83
349.39 233.11
248.64 179.82
541.62 100.64
617.09 306.78
624.78 41.71
561.00 276.00
353.00 245.00
415.00 242.00
612.40 386.58
622.97 52.89
253.77 144.54
517.43 112.73
622.67 457.57
553.00 397.00
479.48 170.73
569.00 152.00
530.00 368.00
632.97 412.52
434.59 133.72
534.00 313.00
423.97 196.92
622.30 206.16
633.78 347.61
435.05 146.05
551.88 248.83
360.00 227.00
